f0<-2.8499
sf0<-0.0002
fx<-c(2.8603,2.8730)
sfx<-c(0.0004,0.0008)
fy<-c(2.7990,2.8320,2.9014,2.9318)
sfy<-c(0.0003,0.0003,0.0004,0.0004)
fz<-c(2.7521,2.8601,2.9283)
sfz<-c(0.0010,0.0006,0.0008)

